F3 1 0
00 1 0
1 2 0
Y 2 0
X 1 0
X 1 0
F3 2 0
00 1 0
2 3 0
Y 3 0
X1 1 1
X2 2 1
F3 3 0
00 1 0
3 3 0
Y 3 0
X1 1 1
X2 2 1
F3 4 0
00 2 0
4 4 0
Y 4 0
CN 2 0
C 1 0
X 3 0
* 65535 0
* 65535 0
F3 5 0
00 2 0
5 5 0
! 0 0
X2 2 1
X1 1 1
Y 5 0
X4 4 1
X3 3 1
F3 6 0
00 2 0
6 5 0
! 0 0
X1 1 1
X3 3 1
Y 5 0
X2 2 1
X4 4 1
F3 7 0
00 2 0
7 5 0
! 0 0
X1 1 1
X2 2 1
Y 5 0
X3 3 2
X4 4 2
F3 8 0
00 2 0
8 5 0
! 0 0
X1 1 1
X2 2 1
Y 5 0
X3 3 2
X4 4 2
F3 9 0
00 2 0
9 4 0
! 0 0
X 1 0
X 1 0
Y 4 0
NC 3 0
C 2 0
F3 10 0
01 2 0
0 5 0
! 0 0
X2 2 1
X1 1 1
Y 5 0
X3 3 2
X4 4 2
F3 11 0
01 2 0
1 5 0
! 0 0
X1 1 1
X4 4 0
Y 5 0
X2 2 1
X3 3 1
F3 12 0
01 3 0
2 3 0
Y 3 0
X1 1 1
* 65535 0
* 65535 0
X2 2 1
X1 1 1
! 0 0
* 65535 0
X2 2 1
F3 13 0
01 3 0
3 3 0
Y 3 0
X1 1 1
* 65535 0
* 65535 0
X2 2 1
X1 1 1
! 0 0
* 65535 0
X2 2 1
F3 14 0
01 3 0
4 3 0
Q 3 0
* 65535 0
* 65535 0
! 0 0
* 65535 0
S 1 0
! 0 0
R 2 0
* 65535 0
F3 15 0
01 3 0
5 4 0
Q 4 0
* 65535 0
* 65535 0
! 0 0
S1 1 1
S2 2 1
! 0 0
R 3 0
* 65535 0
F3 16 0
01 3 0
6 4 0
Q 4 0
* 65535 0
* 65535 0
! 0 0
R1 2 1
R2 3 1
! 0 0
S 1 0
* 65535 0
F3 17 0
01 3 0
7 3 0
Q 3 0
* 65535 0
* 65535 0
! 0 0
* 65535 0
S 1 0
! 0 0
R 2 0
* 65535 0
F3 18 0
01 3 0
8 4 0
Q 4 0
* 65535 0
* 65535 0
! 0 0
S1 1 1
S2 2 1
! 0 0
R 3 0
* 65535 0
F3 19 0
01 3 0
9 4 0
Q 4 0
* 65535 0
* 65535 0
! 0 0
R1 2 1
R2 3 1
! 0 0
S 1 0
* 65535 0
F3 20 0
02 3 0
0 4 0
Q 4 0
* 65535 0
NE 1 0
! 0 0
* 65535 0
S 2 0
! 0 0
R 3 0
* 65535 0
F3 21 0
02 3 0
1 4 0
Q 4 0
* 65535 0
E 1 0
! 0 0
* 65535 0
S 2 0
! 0 0
R 3 0
* 65535 0
F3 22 0
02 3 0
2 4 0
Q 4 0
* 65535 0
NE 1 0
! 0 0
* 65535 0
NS 2 0
! 0 0
NR 3 0
* 65535 0
F3 23 0
02 3 0
3 4 0
Q 4 0
* 65535 0
E 1 0
! 0 0
* 65535 0
NS 2 0
! 0 0
NR 3 0
* 65535 0
F3 24 0
02 3 0
4 4 0
! 0 0
NC 3 0
C 2 0
D 1 0
* 65535 0
* 65535 0
Q 4 0
* 65535 0
* 65535 0
F3 25 0
02 3 0
5 4 0
! 0 0
NC 3 0
C 2 0
D 1 0
* 65535 0
* 65535 0
NQ 4 0
* 65535 0
* 65535 0
F3 26 0
02 3 0
6 3 0
Q 3 0
* 65535 0
* 65535 0
D 1 0
* 65535 0
* 65535 0
C 2 0
* 65535 0
* 65535 0
F3 27 0
02 3 0
7 3 0
NQ 3 0
* 65535 0
* 65535 0
D 1 0
* 65535 0
* 65535 0
C 2 0
* 65535 0
* 65535 0
F3 28 0
02 6 0
8 6 0
D 1 0
C 2 0
NC 3 0
* 65535 0
NC 3 0
C 2 0
* 65535 0
R 4 0
* 65535 0
* 65535 0
* 65535 0
* 65535 0
Q 5 0
* 65535 0
R 4 0
NQ 6 0
* 65535 0
* 65535 0
F3 29 0
02 6 0
9 7 0
D 1 0
C 2 0
NC 3 0
* 65535 0
NC 3 0
C 2 0
* 65535 0
R 4 0
* 65535 0
NQ 7 0
S 5 0
* 65535 0
Q 6 0
* 65535 0
R 4 0
! 0 0
* 65535 0
S 5 0
F3 30 0
03 3 0
0 5 0
D 1 0
NC 3 0
C 2 0
Q 5 0
* 65535 0
* 65535 0
! 0 0
* 65535 0
R 4 0
F3 31 0
03 3 0
1 6 0
D 1 0
NC 3 0
C 2 0
Q 5 0
NQ 6 0
NQ 6 0
! 0 0
* 65535 0
S 4 0
F3 32 1
03 1 0
2 2 1
* 65535 0
Y 2 0
* 65535 0
F3 33 1
03 1 0
3 2 1
* 65535 0
Y 2 0
* 65535 0
F3 34 1
03 1 0
4 2 2
* 65535 0
X 1 0
* 65535 0
F3 35 1
03 1 0
5 2 2
* 65535 0
X 1 0
* 65535 0
F3 36 1
03 1 0
6 4 4
B 2 0
Z 3 0
A 1 0
F3 37 1
03 1 0
7 4 3
B 2 0
Z 3 0
A 1 0
F3 38 1
03 1 0
8 2 2
X 1 0
* 65535 0
* 65535 0
F3 39 0
03 3 0
9 7 0
! 0 0
X2 2 1
X1 1 1
Y 7 0
X4 4 1
X3 3 1
! 0 0
X6 6 1
X5 5 1
F3 40 0
04 3 0
0 7 0
! 0 0
X1 1 1
X2 2 1
Y 7 0
X3 3 2
X4 4 2
! 0 0
X5 5 3
X6 6 3
F3 41 0
04 4 0
1 9 0
! 0 0
X2 2 1
X1 1 1
! 0 0
X4 4 1
X3 3 1
! 0 0
X6 6 2
X5 5 2
Y 9 0
X8 8 2
X7 7 2
F3 42 0
04 5 0
2 10 0
Y 10 0
X2 2 1
X1 1 1
! 0 0
X4 4 2
X3 3 2
! 0 0
X6 6 3
X5 5 3
! 0 0
X8 8 4
X7 7 4
! 0 0
* 65535 0
X9 9 4
F3 43 0
04 3 0
3 4 0
! 0 0
X1 1 1
X3 3 1
! 0 0
X2 2 1
X1 1 1
Y 4 0
X3 3 1
X2 2 1
F3 44 0
04 6 1
4 6 0
NQ 6 0
C 2 0
NC 3 0
* 65535 0
NC 3 0
C 2 0
Q 5 0
R 4 0
* 65535 0
NQ 6 0
S 1 0
* 65535 0
Q 5 0
* 65535 0
R 4 0
! 0 0
* 65535 0
S 1 0
F3 45 0
04 6 0
5 5 0
D 1 0
NC 3 0
C 2 0
* 65535 0
C 2 0
NC 3 0
* 65535 0
* 65535 0
* 65535 0
Q 4 0
* 65535 0
* 65535 0
NQ 5 0
* 65535 0
* 65535 0
! 0 0
* 65535 0
* 65535 0
F3 46 0
04 7 0
6 6 0
! 0 0
A 3 0
* 65535 0
* 65535 0
D1 2 0
C 4 0
* 65535 0
* 65535 0
A 3 0
! 0 0
D0 1 0
C 4 0
! 0 0
* 65535 0
* 65535 0
! 0 0
* 65535 0
* 65535 0
NQ 6 0
Q 5 0
Q 5 0
F3 47 0
04 12 1
7 8 0
! 0 0
A0 5 0
A1 6 0
* 65535 0
* 65535 0
* 65535 0
* 65535 0
* 65535 0
D0 1 0
! 0 0
D2 3 0
* 65535 0
* 65535 0
* 65535 0
A1 6 0
! 0 0
* 65535 0
A0 5 0
* 65535 0
* 65535 0
D1 2 0
! 0 0
D3 4 0
A0 5 0
! 0 0
* 65535 0
A1 6 0
! 0 0
* 65535 0
* 65535 0
Q 8 0
* 65535 0
* 65535 0
! 0 0
* 65535 0
C 7 0
F3 49 0
04 5 0
9 4 0
F1 4 0
* 65535 0
* 65535 0
F0 3 0
* 65535 0
* 65535 0
* 65535 0
D 1 0
DE 2 0
* 65535 0
* 65535 0
D 1 0
! 0 0
* 65535 0
DE 2 0
F3 52 0
05 9 1
2 7 0
! 0 0
A1 2 0
A0 1 0
* 65535 0
* 65535 0
* 65535 0
F0 4 0
C 3 0
* 65535 0
! 0 0
C 3 0
* 65535 0
F2 6 0
* 65535 0
A1 2 0
! 0 0
C 3 0
* 65535 0
F1 5 0
* 65535 0
* 65535 0
! 0 0
C 3 0
A0 1 0
F3 7 0
* 65535 0
A1 2 0
F3 53 0
05 18 3
3 11 0
* 65535 0
A1 2 0
A0 1 0
* 65535 0
A2 3 0
* 65535 0
* 65535 0
* 65535 0
* 65535 0
F0 4 0
* 65535 0
* 65535 0
* 65535 0
* 65535 0
* 65535 0
F1 5 0
* 65535 0
A0 1 0
! 0 0
A1 2 0
* 65535 0
F2 6 0
* 65535 0
* 65535 0
! 0 0
A1 2 0
* 65535 0
F3 7 0
* 65535 0
A0 1 0
! 0 0
* 65535 0
* 65535 0
F4 8 0
* 65535 0
A2 3 0
* 65535 0
* 65535 0
A2 3 0
F5 9 0
* 65535 0
A0 1 0
* 65535 0
A1 2 0
A2 3 0
F6 10 0
* 65535 0
* 65535 0
* 65535 0
A1 2 0
A2 3 0
F7 11 0
* 65535 0
A0 1 0
F3 55 0
05 14 1
5 10 0
* 65535 0
C 1 0
C 1 0
* 65535 0
R 6 0
R 6 0
D0 2 0
* 65535 0
* 65535 0
F0 7 0
* 65535 0
* 65535 0
! 0 0
* 65535 0
* 65535 0
D1 3 0
* 65535 0
C 1 0
F1 8 0
* 65535 0
* 65535 0
! 0 0
* 65535 0
* 65535 0
D2 4 0
* 65535 0
* 65535 0
F2 9 0
* 65535 0
* 65535 0
! 0 0
* 65535 0
* 65535 0
D3 5 0
* 65535 0
C 1 0
F3 10 0
* 65535 0
* 65535 0
! 0 0
* 65535 0
* 65535 0
F3 61 0
06 15 1
1 10 0
! 0 0
B1 5 0
A1 1 0
* 65535 0
* 65535 0
B1 5 0
* 65535 0
A1 1 0
* 65535 0
! 0 0
B2 6 0
A2 2 0
* 65535 0
* 65535 0
B2 6 0
* 65535 0
A2 2 0
* 65535 0
! 0 0
B3 7 0
A3 3 0
* 65535 0
* 65535 0
B3 7 0
* 65535 0
A3 3 0
* 65535 0
! 0 0
B4 8 0
A4 4 0
* 65535 0
* 65535 0
B4 8 0
* 65535 0
A4 4 0
* 65535 0
! 0 0
* 65535 0
* 65535 0
NE 10 0
* 65535 0
* 65535 0
E 9 0
* 65535 0
NE 10 0
F3 62 0
06 10 1
2 5 0
! 0 0
A1 2 0
A0 1 0
* 65535 0
* 65535 0
* 65535 0
* 65535 0
A0 1 0
A1 2 0
* 65535 0
A2 3 0
* 65535 0
* 65535 0
A0 1 0
A1 2 0
P 5 0
* 65535 0
* 65535 0
! 0 0
A2 3 0
* 65535 0
* 65535 0
* 65535 0
* 65535 0
* 65535 0
A2 3 0
* 65535 0
S 4 0
* 65535 0
* 65535 0
F3 63 0
06 2 0
3 4 0
D0 1 0
D1 2 0
CE 3 0
Y 4 0
CE 3 0
* 65535 0
F3 67 0
06 5 1
7 7 0
C 3 0
A 1 1
* 65535 0
NC 4 0
* 65535 0
A 1 1
A 1 1
* 65535 0
* 65535 0
B 2 1
* 65535 0
* 65535 0
S 5 0
NP 7 0
P 6 0
F3 101 0
10 1 0
1 1 0
X 1 0
X 1 0
X 1 0
F3 102 0
10 1 0
2 3 0
Y 3 0
X1 1 1
X2 2 1
F3 105 0
10 1 0
5 3 0
Y 3 0
X1 1 1
X2 2 1
F3 106 0
10 1 0
6 2 0
Y 2 0
X 1 0
X 1 0
F3 107 0
10 1 0
7 3 0
Y 3 0
X1 1 1
X2 2 1
F3 111 0
11 5 0
1 5 0
! 0 0
RI 3 0
RI 3 0
! 0 0
R2 5 1
RH 2 1
! 0 0
R2 5 1
RH 2 1
! 0 0
R1 4 2
RL 1 2
! 0 0
R1 4 2
RL 1 2
F3 119 0
11 7 0
9 6 0
P 3 0
ZI 1 0
* 65535 0
! 0 0
* 65535 0
N 4 0
EI 2 0
* 65535 0
EI 2 0
EO 5 0
EO 5 0
* 65535 0
! 0 0
ZO 6 0
ZO 6 0
ZI 1 0
ZI 1 0
EO 5 0
N 4 0
* 65535 0
P 3 0
F3 120 0
12 3 0
0 4 0
N 4 0
* 65535 0
D 1 0
E 2 0
* 65535 0
* 65535 0
P 3 0
D 1 0
* 65535 0
F3 121 0
12 4 0
1 5 0
P 4 0
D 1 0
* 65535 0
EP 2 0
* 65535 0
* 65535 0
EN 3 0
* 65535 0
* 65535 0
N 5 0
* 65535 0
D 1 0
F3 122 0
12 3 0
2 3 0
P 2 0
* 65535 0
D 1 0
! 0 0
* 65535 0
* 65535 0
N 3 0
D 1 0
* 65535 0
F3 123 0
12 2 0
3 6 0
Y2 6 0
X2 2 1
X4 4 0
Y1 5 0
X3 3 1
X1 1 1
F3 124 0
12 2 0
4 6 0
Y2 6 0
X2 2 1
X4 4 0
Y1 5 0
X3 3 1
X1 1 1
F3 126 0
12 3 0
6 4 0
Q 3 0
* 65535 0
NQ 4 0
D 1 0
C 2 0
* 65535 0
! 0 0
NQ 4 0
C 2 0
F3 127 0
12 6 0
7 6 0
D 1 0
* 65535 0
CO 6 0
C 2 0
* 65535 0
* 65535 0
Q 4 0
CO 6 0
* 65535 0
* 65535 0
NQ 5 0
* 65535 0
Q 4 0
S 3 0
* 65535 0
NQ 5 0
* 65535 0
S 3 0
F3 128 0
12 6 0
8 6 0
D 1 0
* 65535 0
CO 6 0
C 2 0
* 65535 0
* 65535 0
Q 4 0
CO 6 0
* 65535 0
* 65535 0
NQ 5 0
* 65535 0
Q 4 0
NR 3 0
* 65535 0
NQ 5 0
* 65535 0
NR 3 0
F3 129 0
12 5 0
9 5 0
! 0 0
* 65535 0
* 65535 0
D 1 0
* 65535 0
* 65535 0
CO 5 0
* 65535 0
* 65535 0
C 2 0
* 65535 0
* 65535 0
Q 3 0
NQ 4 0
* 65535 0
F3 130 0
13 5 0
0 6 0
D 1 0
C 2 0
NC 3 0
* 65535 0
NC 3 0
C 2 0
Q 5 0
* 65535 0
* 65535 0
NQ 6 0
NS 4 0
* 65535 0
! 0 0
NQ 6 0
NS 4 0
F3 131 0
13 5 0
1 6 0
D 1 0
C 2 0
NC 3 0
! 0 0
NC 3 0
C 2 0
Q 5 0
* 65535 0
NQ 6 0
* 65535 0
S 4 0
* 65535 0
NQ 6 0
* 65535 0
S 4 0
F3 132 0
13 5 0
2 6 0
D 1 0
C 2 0
NC 3 0
* 65535 0
NC 3 0
C 2 0
Q 5 0
* 65535 0
* 65535 0
NQ 6 0
R 4 0
* 65535 0
! 0 0
NQ 6 0
R 4 0
F3 133 0
13 6 0
3 7 0
D 1 0
C 2 0
NC 3 0
* 65535 0
NC 3 0
C 2 0
Q 6 0
S 4 0
* 65535 0
! 0 0
* 65535 0
S 4 0
NQ 7 0
R 5 0
* 65535 0
! 0 0
NQ 7 0
R 5 0
F3 134 0
13 4 0
4 5 0
D 1 0
C 2 0
* 65535 0
Q 4 0
NQ 5 0
C 2 0
! 0 0
* 65535 0
* 65535 0
! 0 0
S 3 0
S 3 0
F3 135 0
13 3 0
5 5 0
D 1 0
C 2 0
* 65535 0
Q 4 0
NQ 5 0
C 2 0
S 3 0
* 65535 0
S 3 0
F3 136 0
13 4 0
6 5 0
D 1 0
C 2 0
* 65535 0
Q 4 0
NQ 5 0
C 2 0
! 0 0
* 65535 0
* 65535 0
! 0 0
R 3 0
R 3 0
F3 137 0
13 3 0
7 5 0
D 1 0
C 2 0
* 65535 0
Q 4 0
NQ 5 0
C 2 0
! 0 0
* 65535 0
R 3 0
F3 138 0
13 3 0
8 6 0
D 1 0
C 2 0
NC 3 0
Q 5 0
R 4 0
NQ 6 0
! 0 0
* 65535 0
* 65535 0
F3 139 0
13 3 0
9 4 0
! 0 0
X2 2 0
X1 1 0
! 0 0
Y1 3 0
X2 2 0
Y1 3 0
X1 1 0
Y2 4 0
F3 140 0
14 4 0
0 5 0
! 0 0
X2 2 0
X1 1 0
! 0 0
X3 3 0
X3 3 0
! 0 0
Y1 4 0
X2 2 0
Y1 4 0
X1 1 0
Y2 5 0
F3 141 0
14 5 0
1 6 0
! 0 0
X2 2 0
X1 1 0
! 0 0
X4 4 0
X3 3 0
! 0 0
X3 3 0
X4 4 0
! 0 0
Y1 5 0
X2 2 0
Y1 5 0
X1 1 0
Y2 6 0
F3 142 0
14 3 0
2 5 0
F 5 0
B1 3 0
A1 1 0
! 0 0
A1 1 0
B1 3 0
B0 4 0
A0 2 0
B0 4 0
F3 143 0
14 3 0
3 5 0
B0 4 0
A0 2 0
B0 4 0
! 0 0
B1 3 0
A1 1 0
F 5 0
A1 1 0
B1 3 0
F3 145 0
14 6 0
5 6 0
D 5 0
VL 2 0
B0 4 0
! 0 0
VH 1 0
VL 2 0
! 0 0
B0 4 0
* 65535 0
! 0 0
B1 3 0
VH 1 0
! 0 0
* 65535 0
* 65535 0
ER 6 0
* 65535 0
* 65535 0
F3 146 0
14 3 0
6 4 0
D 1 0
NC 3 0
C 2 0
Q 4 0
* 65535 0
NC 3 0
! 0 0
* 65535 0
* 65535 0
F3 147 0
14 3 0
7 4 0
D 1 0
C 2 0
NC 3 0
Q 4 0
* 65535 0
C 2 0
! 0 0
* 65535 0
* 65535 0
F3 148 0
14 4 0
8 4 0
NQ 4 0
C 2 0
* 65535 0
D 1 0
* 65535 0
C 2 0
Q 3 0
* 65535 0
* 65535 0
! 0 0
* 65535 0
* 65535 0
F3 149 0
14 4 0
9 4 0
Q 3 0
C 2 0
* 65535 0
D 1 0
* 65535 0
C 2 0
NQ 4 0
* 65535 0
* 65535 0
! 0 0
* 65535 0
* 65535 0
F3 150 0
15 4 0
0 6 0
D 1 0
NC 3 0
C 2 0
Q 5 0
* 65535 0
NC 3 0
! 0 0
NR 4 1
* 65535 0
NQ 6 0
* 65535 0
* 65535 0
F3 151 0
15 3 0
1 7 0
D 1 0
NC 3 0
C 2 0
! 0 0
R1 4 1
* 65535 0
Q 6 0
NQ 7 0
R2 5 1
F3 152 1
15 1 0
2 3 3
* 65535 0
Y 2 0
X 1 0
F3 201 0
20 1 0
1 3 0
Y 2 0
X 1 0
NY 3 0
F3 202 0
20 2 0
2 5 0
! 0 0
X1 1 1
NY 5 0
Y1 4 0
X3 3 1
X2 2 1
F3 203 0
20 3 0
3 7 0
! 0 0
X2 2 1
X1 1 1
! 0 0
X4 4 1
X3 3 1
Y 6 0
NY 7 0
X5 5 1
F3 204 0
20 2 0
4 5 0
! 0 0
X1 1 1
NY 5 0
Y1 4 0
X3 3 1
X2 2 1
F3 205 0
20 3 0
5 7 0
! 0 0
X2 2 1
X1 1 1
! 0 0
X4 4 1
X3 3 1
Y 6 0
NY 7 0
X5 5 1
F3 206 0
20 2 0
6 5 0
! 0 0
X2 2 1
X1 1 1
Y 5 0
X3 3 2
X4 4 2
F3 207 0
20 5 0
7 5 0
! 0 0
C0 3 0
A 1 1
* 65535 0
* 65535 0
C0 3 0
C 5 0
* 65535 0
* 65535 0
B 2 1
B 2 1
* 65535 0
S 4 0
* 65535 0
* 65535 0
F3 208 0
20 3 0
8 4 0
! 0 0
B 2 1
* 65535 0
S 3 0
A 1 1
B 2 1
P 4 0
* 65535 0
A 1 1
F3 209 0
20 3 0
9 5 0
! 0 0
DC 3 0
DC 3 0
Y 5 0
ND 4 0
ND 4  0
! 0 0
B 2 0
A 1 0
F3 210 0
21 2 0
0 3 0
! 0 0
X1 1 1
* 65535 0
NY 3 0
X2 2 1
X1 1 1
F3 211 0
21 2 0
1 3 0
! 0 0
X1 1 1
* 65535 0
Y 3 0
X2 2 1
X1 1 1
F3 212 0
21 4 0
2 6 0
Q 4 0
* 65535 0
NQ 5 0
D 1 0
C 2 0
* 65535 0
! 0 0
E 3 0
C 2 0
Z 6 0
* 65535 0
E 3 0
F3 213 0
21 2 0
3 2 0
! 0 0
X 1 0
X 1 0
NY 2 0
* 65535 0
NY 2 0
F3 214 0
21 3 0
4 2 0
! 0 0
X 1 0
X 1 0
! 0 0
* 65535 0
X 1 0
! 0 0
Y 2 0
Y 2 0
F3 215 0
21 4 0
5 2 0
! 0 0
* 65535 0
* 65535 0
! 0 0
X 1 0
X 1 0
! 0 0
* 65535 0
X 1 0
! 0 0
Y 2 0
Y 2 0
F3 216 0
21 3 0
6 4 0
! 0 0
X 1 0
X 1 0
! 0 0
C 2 0
C 2 0
Y 4 0
NC 3 0
NC 3 0
F3 217 0
21 7 1
7 7 0
! 0 0
* 65535 0
* 65535 0
NC 2 0
C 3 0
NC 2 0
D 1 0
NC 2 0
C 3 0
Q 6 0
* 65535 0
NQ 7 0
* 65535 0
E 5 0
* 65535 0
SR 4 0
* 65535 0
E 5 0
* 65535 0
* 65535 0
E 5 0
F3 218 0
21 6 0
8 7 0
E 3 0
* 65535 0
* 65535 0
D1 2 0
* 65535 0
* 65535 0
D0 1 0
* 65535 0
* 65535 0
* 65535 0
C 5 0
NC 4 0
Q 6 0
NC 4 0
C 5 0
NC 4 0
NQ 7 0
* 65535 0
F3 219 0
21 6 0
9 5 0
A 1 0
* 65535 0
* 65535 0
B 2 0
* 65535 0
* 65535 0
Y 5 0
* 65535 0
* 65535 0
! 0 0
DC 3 0
* 65535 0
! 0 0
E 4 0
DC 3 0
! 0 0
* 65535 0
E 4 0
F3 220 0
22 5 0
0 4 0
A 1 0
* 65535 0
* 65535 0
Y 4 0
U 3 0
* 65535 0
! 0 0
* 65535 0
U 3 0
* 65535 0
* 65535 0
* 65535 0
B 2 0
* 65535 0
* 65535 0
F3 221 0
22 5 0
1 8 0
! 0 0
U1 3 0
* 65535 0
F1 6 0
U2 4 0
U1 3 0
F2 7 0
* 65535 0
U2 4 0
B 2 0
U3 5 0
* 65535 0
F3 8 0
A 1 0
U3 5 0
F3 222 0
22 7 0
2 11 0
1 2 0
S 1 0
U1 4 0
2 3 0
U1 4 0
S 1 0
F1 7 0
* 65535 0
U1 4 0
A 10 0
U2 5 0
* 65535 0
F2 8 0
U3 6 0
U2 5 0
F3 9 0
* 65535 0
U3 6 0
B 11 0
! 0 0
! 0 0
F3 223 0
22 3 0
3 5 0
! 0 0
U 4 0
* 65535 0
Y 5 0
S 1 0
U 4 0
1 2 0
2 3 0
* 65535 0
F3 224 0
22 1 0
4 2 0
Z 2 0
Y 1 0
Z 2 0
F3 225 0
22 2 0
5 3 0
! 0 0
C 2 0
X 1 0
Y 3 0
* 65535 0
C 2 0
F3 226 0
22 2 0
6 5 0
Y 5 0
X1 1 1
NY 4 0
! 0 0
X2 2 1
X3 3 0
F3 227 0
22 2 0
7 5 0
Y 5 0
X1 1 1
NY 4 0
! 0 0
X2 2 1
X3 3 0
F3 228 0
22 5 0
8 6 0
D 1 0
C 2 0
NC 3 0
! 0 0
NC 3 0
C 2 0
Q 5 0
* 65535 0
NQ 6 0
* 65535 0
NR 4 0
* 65535 0
NQ 6 0
* 65535 0
NR 4 0
F3 229 0
22 4 0
9 5 0
! 0 0
* 65535 0
* 65535 0
NC 2 0
C 3 0
NC 2 0
D 1 0
NC 2 0
C 3 0
Q 4 0
NQ 5 0
* 65535 0
F3 230 0
23 9 0
0 8 0
! 0 0
* 65535 0
* 65535 0
D1 1 0
* 65535 0
* 65535 0
! 0 0
* 65535 0
* 65535 0
Y1 4 0
* 65535 0
Y2 5 0
* 65535 0
C 2 0
* 65535 0
! 0 0
Y4 7 0
* 65535 0
Y3 6 0
* 65535 0
* 65535 0
D2 3 0
* 65535 0
* 65535 0
* 65535 0
* 65535 0
* 65535 0
F3 231 1
23 1 0
1 2 2
Y 1 0
Y 1 0
Y 1 0
F3 232 1
23 1 0
2 2 2
* 65535 0
Y 1 0
* 65535 0
F3 233 1
23 1 0
3 2 2
* 65535 0
Y 1 0
* 65535 0
F3 234 1
23 1 0
4 4 4
Y2 4 0
X1 1 0
X2 3 0
F3 235 1
23 1 0
5 4 4
X  1 0
Y1 2 0
Y2 3 0
F3 236 1
23 1 0
6 4 4
B 2 0
Z 3 0
A 1 0
F3 237 1
23 1 0
7 4 4
B 2 0
Z 3 0
A 1 0
F3 238 1
23 1 0
8 4 4
C2 2 0
Z1 3 0
C1 1 0
F3 239 1
23 1 0
9 4 4
C 2 0
Z1 3 0
X 1 0
F3 241 0
24 3 0
1 5 0
D 1 0
C 2 0
* 65535 0
Q 4 0
NQ 5 0
C 2 0
R 3 0
R 3 0
* 65535 0
F3 242 1
24 1 0
2 4 4
B 2 0
Z 3 0
A 1 0
F3 243 1
24 1 0
3 4 4
B 2 0
Z 3 0
A 1 0
F3 244 1
24 1 0
4 4 4
X2 2 0
Y1 3 0
X1 1 0
F3 246 0
24 14 0
6 5 0
Y 5 0
* 65535 0
* 65535 0
! 0 0
* 65535 0
* 65535 0
! 0 0
* 65535 0
* 65535 0
! 0 0
* 65535 0
* 65535 0
! 0 0
* 65535 0
* 65535 0
* 65535 0
* 65535 0
* 65535 0
! 0 0
* 65535 0
* 65535 0
! 0 0
* 65535 0
* 65535 0
! 0 0
CM 3 0
* 65535 0
! 0 0
P 2 0
P 2 0
! 0 0
* 65535 0
* 65535 0
! 0 0
N 1 0
N 1 0
! 0 0
* 65535 0
CP 4 0
! 0 0
* 65535 0
* 65535 0
F3 247 0
24 9 0
7 4 0
Y 4 0
* 65535 0
* 65535 0
* 65535 0
* 65535 0
* 65535 0
! 0 0
* 65535 0
* 65535 0
! 0 0
* 65535 0
* 65535 0
! 0 0
P 2 2
P 2 2
! 0 0
P 2 2
P 2 2
! 0 0
N 1 1
N 1 1
! 0 0
N 1 1
N 1 1
C 3 0
* 65535 0
C 3 0
F3 248 0
24 40 0
8 5 0
* 65535 0
* 65535 0
* 65535 0
* 65535 0
* 65535 0
* 65535 0
* 65535 0
* 65535 0
* 65535 0
* 65535 0
* 65535 0
* 65535 0
* 65535 0
* 65535 0
* 65535 0
* 65535 0
* 65535 0
* 65535 0
* 65535 0
* 65535 0
* 65535 0
* 65535 0
* 65535 0
* 65535 0
* 65535 0
* 65535 0
* 65535 0
* 65535 0
* 65535 0
* 65535 0
* 65535 0
* 65535 0
* 65535 0
* 65535 0
* 65535 0
* 65535 0
* 65535 0
* 65535 0
* 65535 0
* 65535 0
* 65535 0
* 65535 0
* 65535 0
* 65535 0
* 65535 0
* 65535 0
* 65535 0
* 65535 0
* 65535 0
* 65535 0
* 65535 0
* 65535 0
* 65535 0
* 65535 0
* 65535 0
* 65535 0
* 65535 0
* 65535 0
* 65535 0
* 65535 0
H1 2 0
* 65535 0
* 65535 0
* 65535 0
* 65535 0
* 65535 0
H2 3 0
* 65535 0
* 65535 0
* 65535 0
* 65535 0
* 65535 0
UB 1 0
* 65535 0
* 65535 0
* 65535 0
* 65535 0
* 65535 0
L2 5 0
* 65535 0
* 65535 0
* 65535 0
* 65535 0
* 65535 0
L1 4 0
* 65535 0
* 65535 0
* 65535 0
* 65535 0
* 65535 0
* 65535 0
* 65535 0
* 65535 0
* 65535 0
* 65535 0
* 65535 0
* 65535 0
* 65535 0
* 65535 0
* 65535 0
* 65535 0
* 65535 0
* 65535 0
* 65535 0
* 65535 0
* 65535 0
* 65535 0
* 65535 0
* 65535 0
* 65535 0
* 65535 0
* 65535 0
* 65535 0
* 65535 0
* 65535 0
* 65535 0
* 65535 0
* 65535 0
* 65535 0
* 65535 0
F3 249 1
24 1 0
9 4 4
B 1 0
C 2 0
A 3 0
F3 250 0
25 23 0
0 2 0
* 65535 0
P 1 1
P 1 1
* 65535 0
P 1 1
P 1 1
* 65535 0
P 1 1
P 1 1
* 65535 0
P 1 1
P 1 1
P 1 1
P 1 1
P 1 1
* 65535 0
* 65535 0
* 65535 0
* 65535 0
* 65535 0
* 65535 0
* 65535 0
* 65535 0
* 65535 0
* 65535 0
* 65535 0
* 65535 0
* 65535 0
* 65535 0
* 65535 0
* 65535 0
* 65535 0
* 65535 0
* 65535 0
* 65535 0
* 65535 0
* 65535 0
* 65535 0
* 65535 0
* 65535 0
* 65535 0
* 65535 0
* 65535 0
* 65535 0
* 65535 0
* 65535 0
* 65535 0
* 65535 0
* 65535 0
* 65535 0
* 65535 0
* 65535 0
* 65535 0
* 65535 0
* 65535 0
N 2 2
N 2 2
* 65535 0
N 2 2
N 2 2
* 65535 0
N 2 2
N 2 2
N 2 2
N 2 2
N 2 2
* 65535 0
N 2 2
N 2 2
F3 251 1
25 1 0
1 2 2
* 65535 0
* 65535 0
X 1 0
F3 252 1
25 1 0
2 4 4
B 1 0
C 2 0
A 3 0
F3 253 1
25 1 0
3 2 2
* 65535 0
Y 1 0
* 65535 0
F3 254 1
25 1 0
4 4 4
B 2 0
Z 3 0
A 1 0
F3 255 1
25 1 0
5 2 1
* 65535 0
Y 2 0
* 65535 0
